00000000000000000000000
00000000000000000E00000
00011111111111111111100
00000000000000000000100
00000000000000000000100
00000000000000000000100
00000000000000000000100
00000000000000000000000
00000000000000000000100
00000000000000000000100
00000000000000000000100
00000000000000000000100
00000000000000000000100
00000000000000000000100
00000000000000000000100
00000000000000000000100
00000000000000000000100
00000000000000000000100
00000000000000000000100
00000000000000000000100
00011111111111111111100
S0000000000000000000000
