0000000000000000000000E
00000000000000000000000
00011111111111111111100
00000000000000000000100
00000000000000000000100
00000000000000000000100
00000000000000000000100
00000000000000000000100
00000000000000000000100
00000000000000000000100
00000000000000000000100
00000000000000000000100
00000000000000000000100
00000000000000000000100
00000000000000000000100
00000000000000000000100
00000000000000000000100
00000000000000000000100
00000000000000000000100
00000000000000000000100
00011111111111111111100
S0000000000000000000000
